best_eval: 1.7496038771822886
start_epoch: 390
time_delta: 214612.54928970337
total_updates: 2489600
