best_eval: 1.8855318570318575
start_epoch: 1860
time_delta: 1201052.6676387787
total_updates: 11897600
