best_eval: 1.8091680551711242
start_epoch: 1527
time_delta: 909175.1031520367
total_updates: 9766400
