best_eval: 1.8086205636468802
start_epoch: 1028
time_delta: 572590.6345136166
total_updates: 6572800
