best_eval: 1.8087803526988309
start_epoch: 1150
time_delta: 674533.6932668686
total_updates: 7353600
